53.4
343 51
233 52
288 53
346 51
401 51
513 52
567 50

57.7
241 83
294 84
344 85
393 86
444 85
494 83
546 85

61.7
203 112
246 113
296 113
339 114
390 114
438 117
484 115
526 113
526 113
573 113

66.0
251 137
297 140
342 139
384 137
425 138
471 139
509 138

70.0
218 161
256 161
298 160
341 159
383 161
422 162
461 158
500 160
539 161

74.3
263 176
302 176
338 177
338 177
378 177
414 179
451 179
489 178
525 178

78.5
477 193
447 192
407 195
374 193
333 194
306 194
266 194

90
323 222
342 223
351 223
380 224
418 225
445 224
493 222
536 224

110.9
488 269
469 269
420 267
391 268
359 267
323 269

119
322 281
342 281
342 281
377 282
418 280
459 281
459 281

139.9
446 307
449 309
421 306
368 307
349 306
322 306
